version 1
decimalseparator .
cylinder 0 -3 0 -3 0.858823537826538 0.0313725508749485 0 1 1 0 0 0 1 0 6 0.300000011920929 0 0
cylinder 1 -3 0 -3 0.670588254928589 0.270588248968124 0.200000002980232 1 0 0 1 0 1 0 6 0.300000011920929 0 0
sphere 2 -3 0 -3 0.368627458810806 0.160784319043159 0.317647069692612 1 0 0 1 0 1 0 1 0 0 0
sphere 3 -3 0 0 0.474509805440903 0.0784313753247261 0.423529416322708 1 0 0 1 0 1 0 1 0 0 0
sphere 4 -3 0 3 0.0588235296308994 0.839215695858002 0.0666666701436043 1 0 0 1 0 1 0 1 0 0 0
cylinder 5 -3 0 0 0.364705890417099 0.91372549533844 0.290196090936661 1 1 0 0 0 1 0 6 0.300000011920929 0 0
cylinder 6 0 0 -3 0.694117665290833 0.325490206480026 0.772549033164978 1 0 0 1 0 1 0 6 0.300000011920929 0 0
sphere 7 0 0 -3 0.30588236451149 0.717647075653076 0.843137264251709 1 0 0 1 0 1 0 1 0 0 0
sphere 8 0 0 0 0.462745100259781 0.329411774873734 0.160784319043159 1 0 0 1 0 1 0 1 0 0 0
sphere 9 0 0 3 0.278431385755539 0.823529422283173 0.243137255311012 1 0 0 1 0 1 0 1 0 0 0
cylinder 10 -3 0 3 0.87058824300766 0.149019613862038 0.47843137383461 1 1 0 0 0 1 0 6 0.300000011920929 0 0
cylinder 11 3 0 -3 0.972549021244049 0.772549033164978 0.286274522542954 1 0 0 1 0 1 0 6 0.300000011920929 0 0
sphere 12 3 0 -3 0.823529422283173 0.886274516582489 0.490196079015732 1 0 0 1 0 1 0 1 0 0 0
sphere 13 3 0 0 0.141176477074623 0.137254908680916 0.0196078438311815 1 0 0 1 0 1 0 1 0 0 0
sphere 14 3 0 3 0.592156887054443 0.0196078438311815 0.498039215803146 1 0 0 1 0 1 0 1 0 0 0
