version 1
decimalseparator .
sphere 0 -3 0 -3 0.858823537826538 0.0313725508749485 0 1 0 0 1 0 1 0 1 0 0 0
sphere 1 -3 0 0 0.670588254928589 0.270588248968124 0.200000002980232 1 0 0 1 0 1 0 1 0 0 0
sphere 2 -3 0 3 0.368627458810806 0.160784319043159 0.317647069692612 1 0 0 1 0 1 0 1 0 0 0
sphere 3 0 0 -3 0.474509805440903 0.0784313753247261 0.423529416322708 1 0 0 1 0 1 0 1 0 0 0
sphere 4 0 0 0 0.0588235296308994 0.839215695858002 0.0666666701436043 1 0 0 1 0 1 0 1 0 0 0
sphere 5 0 0 3 0.364705890417099 0.91372549533844 0.290196090936661 1 0 0 1 0 1 0 1 0 0 0
sphere 6 3 0 -3 0.694117665290833 0.325490206480026 0.772549033164978 1 0 0 1 0 1 0 1 0 0 0
sphere 7 3 0 0 0.30588236451149 0.717647075653076 0.843137264251709 1 0 0 1 0 1 0 1 0 0 0
sphere 8 3 0 3 0.462745100259781 0.329411774873734 0.160784319043159 1 0 0 1 0 1 0 1 0 0 0
